<?xml version="1.0" encoding="UTF-8"?>
<map version="1.10" tiledversion="1.11.0" orientation="orthogonal" renderorder="right-down" width="50" height="30" tilewidth="32" tileheight="32" infinite="0" nextlayerid="4" nextobjectid="1">
 <tileset firstgid="1" source="../../../TX Tileset Grass.tsx"/>
 <tileset firstgid="65" name="TX Plant" tilewidth="32" tileheight="32" tilecount="256" columns="16">
  <image source="../../../Downloads/Pixel Art Top Down - Basic/Texture/TX Plant.png" width="512" height="512"/>
 </tileset>
 <tileset firstgid="321" name="TX Plant" tilewidth="32" tileheight="32" tilecount="256" columns="16">
  <image source="../../../Downloads/Pixel Art Top Down - Basic/Texture/TX Plant.png" width="512" height="512"/>
 </tileset>
 <tileset firstgid="577" name="TX Props" tilewidth="32" tileheight="32" tilecount="256" columns="16">
  <image source="../../../Downloads/Pixel Art Top Down - Basic/Texture/TX Props.png" width="512" height="512"/>
 </tileset>
 <layer id="1" name="Tile Layer 1" width="50" height="30">
  <data encoding="csv">
1,1,1,31,31,31,13,31,1,1,1,1,1,30,30,30,30,13,13,13,13,13,30,30,30,13,13,1,1,1,1,1,1,1,1,1,1,1,1,1,1,1,1,1,1,1,1,1,1,1,
1,1,31,31,30,13,31,2,2,2,2,13,2,2,2,2,13,13,31,31,31,31,1,31,31,1,13,13,13,13,31,31,31,31,31,31,31,31,31,31,1,31,31,1,1,1,1,1,1,1,
1,31,31,1,13,13,1,30,1,1,1,1,1,13,13,1,1,1,1,1,1,1,1,1,1,1,1,1,1,1,1,1,1,31,31,31,31,31,30,30,30,30,31,31,31,1,1,1,30,1,
1,31,13,1,13,1,30,30,1,1,1,41,33,33,33,50,33,50,33,50,33,41,33,33,50,33,33,33,33,50,1,13,13,13,30,30,30,1,1,2,30,30,1,2,31,31,31,1,30,1,
1,31,13,13,13,30,30,1,30,1,1,50,33,33,50,33,41,50,33,33,33,33,33,50,33,33,33,33,41,33,1,1,13,13,30,1,1,31,31,31,13,13,31,31,31,1,31,31,31,30,
1,13,1,13,13,31,31,31,30,1,1,50,33,1,1,31,31,2,2,1,1,1,1,1,1,1,1,31,33,50,1,1,13,13,13,1,31,31,1,2,2,1,13,13,13,13,13,1,31,31,
1,13,1,30,13,1,1,31,31,31,1,33,41,1,1,31,31,31,31,31,2,31,31,31,31,31,1,1,41,33,1,1,1,1,13,13,31,2,2,1,2,1,31,31,2,2,1,1,13,31,
1,13,1,30,1,30,31,1,31,1,1,33,33,1,1,1,2,2,30,31,1,31,2,1,1,31,1,31,33,33,1,1,1,1,13,13,13,2,1,1,2,31,31,30,2,31,1,1,13,31,
1,1,1,1,1,30,31,31,13,1,1,33,33,1,1,1,1,1,1,31,1,1,31,31,1,1,31,31,41,33,1,1,1,1,13,30,31,1,1,31,31,31,1,30,30,31,1,1,13,31,
1,1,1,1,1,1,1,1,13,1,1,41,41,1,1,1,1,1,1,13,13,13,13,31,2,1,1,1,33,33,1,1,1,1,1,30,31,13,31,31,1,1,1,1,31,31,1,13,13,1,
33,41,41,41,62,1,13,13,13,1,1,41,33,1,1,30,30,1,31,2,30,2,13,31,31,31,1,1,33,33,1,1,1,1,13,31,31,13,13,1,1,1,1,1,31,30,13,13,30,1,
33,41,41,33,41,62,1,13,1,1,1,33,41,1,1,30,1,31,31,13,30,13,13,1,1,1,1,1,33,33,1,1,1,1,13,31,31,1,13,1,1,1,31,31,1,30,30,1,30,1,
1,13,13,1,58,41,62,1,1,1,1,41,41,1,1,30,31,31,2,13,1,1,1,1,61,50,33,50,33,33,1,1,1,2,13,31,30,30,2,1,1,1,1,31,31,1,2,2,30,30,
13,13,13,13,1,58,41,41,41,33,33,41,41,1,1,30,2,2,2,13,1,1,1,1,33,33,33,50,50,33,1,1,1,2,13,2,2,30,1,13,1,1,1,1,31,31,1,2,30,30,
13,1,1,13,1,1,58,33,33,41,33,41,31,31,31,30,2,1,1,13,1,1,1,1,33,50,1,1,1,1,1,31,1,2,13,2,30,30,30,1,13,1,1,2,2,31,31,2,30,1,
1,30,30,30,1,1,1,1,1,1,1,31,31,1,1,2,1,1,2,13,1,1,1,1,33,33,1,1,1,1,1,31,2,2,1,31,31,13,13,13,1,1,1,2,1,31,31,31,30,1,
1,30,30,30,30,1,1,1,1,31,31,1,1,1,1,2,1,1,13,13,31,1,1,1,33,50,1,1,1,2,2,31,31,31,31,31,13,13,30,31,31,31,2,30,31,31,2,31,30,1,
1,1,1,2,1,1,1,1,31,31,1,1,1,1,1,2,30,2,2,2,31,1,1,1,33,49,1,1,1,2,2,2,1,1,13,30,1,1,1,1,30,31,31,31,31,31,2,31,30,1,
1,31,13,30,30,1,1,31,31,1,1,1,1,1,13,13,30,2,1,2,31,1,1,1,50,33,1,1,1,2,1,1,1,13,13,1,1,1,1,1,1,1,1,1,1,2,2,1,1,1,
1,1,13,13,13,1,31,1,1,1,1,1,1,13,13,31,31,31,31,2,1,1,1,1,49,33,1,1,1,1,1,1,2,2,30,30,2,2,2,2,2,2,2,30,30,30,1,1,1,1,
1,2,2,30,13,31,31,1,1,1,1,1,1,13,1,31,31,1,1,2,1,1,1,1,50,50,1,1,1,1,1,1,1,1,1,30,30,1,1,1,30,30,30,30,1,1,1,1,1,1,
1,2,1,30,13,30,30,30,1,1,31,1,1,13,2,30,1,1,1,1,1,13,13,1,49,50,55,1,1,1,1,1,1,1,1,1,1,1,1,1,1,1,1,1,1,1,1,1,1,1,
1,2,1,30,13,2,1,30,30,1,31,31,1,2,2,2,1,1,1,1,1,1,13,1,35,50,50,49,33,33,33,33,33,33,33,49,33,33,49,49,49,49,49,49,49,49,50,33,49,33,
1,2,2,1,30,2,30,30,30,30,30,30,1,2,1,2,2,1,1,1,31,1,13,1,54,58,33,50,50,49,49,49,49,50,50,50,33,33,33,49,50,50,33,50,50,49,49,33,50,33,
13,13,2,1,30,1,1,2,2,1,1,31,31,31,1,1,31,31,31,31,31,1,13,13,1,1,1,1,1,1,1,1,1,1,1,1,1,1,1,1,1,1,1,1,1,1,1,1,1,1,
13,1,2,2,1,30,1,1,31,31,31,31,1,30,1,1,2,2,2,30,31,30,30,13,1,1,1,1,1,1,30,30,1,1,1,1,1,1,1,30,30,30,30,30,30,30,30,1,1,1,
1,1,1,30,30,30,31,31,31,1,13,13,1,1,1,1,1,1,2,2,31,31,2,30,13,30,30,30,30,30,2,1,2,2,2,31,31,2,2,2,31,31,1,1,2,2,2,1,1,1,
1,1,1,1,13,13,13,13,2,2,13,1,1,1,1,1,1,30,1,1,1,31,31,1,13,13,13,13,31,31,31,2,2,1,1,1,1,1,1,1,1,1,13,13,31,1,13,13,13,13,
1,31,31,1,31,31,1,1,1,2,2,2,1,1,2,2,30,30,1,1,2,2,2,30,30,30,30,30,30,30,30,13,13,13,13,30,31,31,31,13,13,13,13,1,1,1,1,13,13,13,
1,1,1,1,1,1,1,1,1,1,1,2,2,2,2,1,1,1,1,1,1,1,1,1,1,1,1,1,1,1,1,1,1,1,1,1,1,1,1,1,1,1,1,1,2,2,2,13,13,13
</data>
 </layer>
 <layer id="3" name="Tile Layer 1" width="50" height="30">
  <data encoding="csv">
424,420,422,422,424,420,420,422,424,424,424,424,420,418,424,422,422,422,422,420,424,424,418,420,422,424,424,424,420,420,424,424,420,420,420,420,424,424,418,418,424,424,424,420,420,418,424,424,420,424,
420,582,582,31,30,13,31,2,2,2,2,13,2,2,2,2,13,13,31,31,31,31,1,31,31,1,13,13,13,13,31,31,31,31,31,31,31,31,31,31,1,31,31,1,1,1,1,1,1,422,
418,598,598,646,13,13,1,30,1,1,1,1,1,13,13,1,1,1,1,1,1,1,1,1,1,1,1,1,1,1,1,1,1,31,31,31,31,31,30,30,30,30,31,31,31,1,1,1,30,420,
420,582,582,662,13,1,30,30,1,1,1,41,33,33,33,50,33,50,33,50,33,41,33,33,50,33,33,33,33,50,1,13,13,13,30,30,30,1,1,2,30,30,1,2,31,31,31,1,30,424,
418,598,598,13,13,30,30,1,30,1,1,50,33,33,50,33,41,50,33,33,33,33,33,50,33,33,33,33,41,33,1,1,13,13,30,1,1,31,31,31,13,13,31,31,31,1,31,31,31,424,
420,13,726,13,13,31,31,31,30,1,1,50,33,1,1,31,31,2,2,1,1,1,1,1,1,1,1,31,33,50,1,1,13,13,13,1,31,31,1,2,2,1,13,13,13,13,13,1,31,424,
418,13,598,30,13,1,1,31,31,31,1,33,41,1,1,31,31,31,31,31,2,31,31,31,31,31,1,1,41,33,1,1,1,1,13,13,31,2,2,1,2,1,31,31,2,2,1,1,13,420,
424,13,1,30,1,30,31,1,31,1,1,33,33,1,1,1,2,2,30,31,1,31,2,1,1,31,1,31,33,33,1,1,1,1,13,13,13,2,1,1,2,31,31,30,2,31,1,1,13,424,
420,1,1,1,1,30,31,31,13,1,1,33,33,1,1,1,1,1,1,31,1,1,31,31,1,1,31,31,41,33,1,1,1,1,13,30,31,1,1,31,31,31,1,30,30,31,1,1,13,424,
424,1,1,1,1,1,1,1,13,1,1,41,41,1,1,1,1,1,1,13,13,13,13,31,2,1,1,1,33,33,1,1,1,1,1,30,31,13,31,31,1,1,1,1,31,31,1,13,13,420,
33,41,41,41,62,1,13,13,13,1,1,41,33,1,1,30,30,1,31,2,30,2,13,31,31,31,1,1,33,33,1,1,1,1,13,31,31,13,13,1,1,1,1,1,31,30,13,13,30,418,
33,41,41,33,41,62,1,13,1,1,1,33,41,1,1,30,1,31,31,13,30,13,13,1,1,1,1,1,33,33,1,1,1,1,13,31,31,1,13,1,1,1,31,31,1,30,30,1,30,424,
424,13,13,1,58,41,62,1,1,1,1,41,41,1,1,30,31,31,2,13,1,1,1,1,61,50,33,50,33,33,1,1,1,2,13,31,30,30,2,1,1,1,1,31,31,1,2,2,30,418,
424,13,13,13,1,58,41,41,41,33,33,41,41,1,1,30,2,2,2,13,1,1,1,1,33,33,33,50,50,33,1,1,1,2,13,2,2,30,1,13,1,1,1,1,31,31,1,2,30,420,
424,1,1,13,1,1,58,33,33,41,33,41,31,31,31,30,2,1,1,13,1,1,1,1,33,50,1,1,1,1,1,31,1,2,13,2,30,30,30,1,13,1,1,2,2,31,31,2,30,424,
424,30,30,30,1,1,1,1,1,1,1,31,31,1,1,2,1,1,2,13,1,1,1,1,33,33,1,1,1,1,1,31,2,2,1,31,31,13,13,13,1,1,1,2,1,31,31,31,30,418,
420,30,30,428,428,428,428,428,428,428,428,428,428,428,1,2,1,1,13,13,31,1,1,1,33,50,1,1,1,2,2,31,31,31,31,31,13,13,30,31,31,31,2,30,31,31,2,31,30,420,
420,1,1,428,428,428,428,428,428,428,428,428,428,428,1,2,30,2,2,2,31,1,1,1,33,49,1,1,1,2,2,2,1,1,13,30,1,1,1,1,30,31,31,31,31,31,2,31,30,424,
420,31,13,428,428,346,347,348,321,322,323,324,325,428,13,13,30,2,1,2,31,1,1,1,50,33,1,1,1,2,1,1,1,13,13,1,1,1,1,1,1,1,1,1,1,2,2,1,1,418,
420,1,13,428,428,362,363,364,337,338,339,340,341,428,13,31,31,31,31,2,1,1,1,1,49,33,1,1,1,1,1,1,2,2,30,30,2,2,2,2,2,2,2,30,30,30,1,1,1,424,
422,2,2,428,428,378,379,323,353,354,355,356,357,428,1,31,31,1,1,2,1,1,1,1,50,50,1,1,1,1,1,1,1,1,1,30,30,1,1,1,30,30,30,30,1,1,1,1,1,420,
422,2,1,428,428,394,338,339,340,370,371,372,373,428,2,30,1,1,1,1,1,13,13,1,49,50,55,1,1,1,1,1,1,1,1,1,1,1,1,1,1,1,1,1,1,1,1,1,1,424,
420,2,1,428,428,353,354,355,356,357,387,388,389,428,2,2,1,1,1,1,1,1,13,1,35,50,50,49,33,33,33,33,33,33,33,49,33,33,49,49,49,49,49,49,49,49,50,33,49,33,
420,2,2,428,428,369,370,371,372,373,30,30,0,428,1,2,2,1,1,1,31,1,13,1,54,58,33,50,50,49,49,49,49,50,50,50,33,33,33,49,50,50,33,50,50,49,49,33,50,33,
422,13,2,428,428,385,386,387,388,389,1,596,596,428,1,1,31,31,31,31,31,1,13,13,1,1,1,1,1,1,1,1,1,1,1,1,1,1,1,1,1,1,1,1,1,1,1,1,1,418,
422,1,2,428,428,428,428,428,428,428,428,428,428,428,1,1,2,2,2,30,31,30,30,13,1,1,1,1,1,1,30,30,1,1,1,1,1,1,1,30,30,30,30,30,30,30,30,1,1,424,
420,1,1,428,428,428,428,428,428,428,428,428,428,428,1,1,1,1,2,2,31,31,2,30,13,30,30,30,30,30,2,1,2,2,2,31,31,2,2,2,31,31,1,1,2,2,2,1,1,424,
422,1,1,1,13,13,13,13,2,2,13,1,1,1,1,1,1,30,1,1,1,31,31,1,13,13,13,13,31,31,31,2,2,1,1,1,1,1,1,1,1,1,13,13,31,1,13,13,13,424,
422,428,31,1,31,31,1,1,1,2,2,2,1,1,2,2,30,30,1,1,2,2,2,30,30,30,30,30,30,30,30,13,13,13,13,30,31,31,31,13,13,13,13,1,1,1,1,13,13,424,
420,422,428,420,424,420,420,424,420,420,422,422,418,420,422,424,424,422,420,422,422,424,424,424,424,422,420,422,424,420,420,418,422,422,420,422,422,420,424,424,420,420,422,424,424,420,422,424,418,420
</data>
 </layer>
 <layer id="2" name="Tile Layer 1" width="50" height="30">
  <data encoding="csv">
424,420,422,422,424,420,420,422,424,424,424,424,420,418,424,422,422,422,422,420,424,424,418,420,422,424,424,424,420,420,424,424,420,420,420,420,424,424,418,418,424,424,424,420,420,418,424,424,420,424,
420,582,582,31,30,785,786,2,2,2,2,13,2,2,2,2,13,13,31,31,31,31,1,31,31,1,13,13,13,13,31,31,31,31,31,31,31,31,31,31,1,31,31,785,786,1,1,1,1,422,
418,598,598,646,13,801,802,785,786,1,1,1,1,13,13,1,1,1,1,1,1,1,1,1,1,1,1,1,1,1,1,1,1,31,586,587,586,587,586,587,30,30,31,801,802,1,1,1,30,420,
420,582,582,662,13,1,30,801,802,1,1,41,33,33,33,50,33,50,33,50,33,41,33,33,50,33,33,33,33,50,1,13,13,13,602,603,602,603,602,603,30,30,785,786,31,31,31,1,30,424,
418,598,598,13,13,30,30,1,30,1,1,50,33,33,50,33,41,50,33,33,33,33,33,50,33,33,33,33,41,33,1,1,13,13,30,716,717,718,31,668,13,13,801,802,31,1,728,31,31,424,
420,13,582,13,13,31,31,31,30,1,1,50,33,1,1,31,31,2,2,1,1,1,1,1,1,1,1,31,33,50,1,1,13,13,13,732,733,734,1,684,2,1,13,13,13,13,744,1,31,424,
418,13,598,30,13,1,1,31,31,31,1,33,41,1,1,31,31,31,31,31,2,31,31,31,31,31,1,1,41,33,1,1,1,1,13,748,749,750,2,700,2,1,31,31,666,2,728,1,13,420,
424,13,1,30,1,30,31,1,31,1,1,33,33,1,1,1,2,2,30,31,1,31,2,1,1,31,1,31,33,33,1,1,1,1,13,13,13,2,1,1,2,31,31,30,682,31,744,1,13,424,
420,632,1,1,1,30,31,31,13,1,1,33,33,1,1,785,786,1,1,31,1,1,31,31,1,1,31,31,41,33,1,1,1,1,13,30,31,1,785,786,31,31,1,30,30,31,728,1,13,424,
424,648,1,1,1,1,1,1,13,1,1,41,41,1,1,801,802,1,1,13,13,13,13,31,668,1,1,1,33,33,1,1,1,1,1,30,31,13,801,802,1,1,1,1,666,31,744,13,13,420,
33,41,41,41,62,1,13,13,13,1,668,41,33,1,1,30,30,1,31,2,30,2,13,31,684,31,1,1,33,33,1,1,785,786,13,31,31,13,13,1,1,1,1,1,682,30,728,13,30,418,
33,632,41,33,41,62,1,13,1,1,684,33,41,1,1,30,1,31,31,13,30,13,13,1,700,1,1,1,33,33,1,1,801,802,13,31,31,1,13,1,1,1,31,31,1,30,744,1,30,424,
424,648,13,1,58,41,62,1,1,1,700,41,668,1,1,30,31,31,2,13,1,1,1,1,61,50,33,50,33,33,1,1,1,2,13,31,30,30,2,1,785,786,1,31,31,1,2,2,30,418,
424,13,13,13,1,58,41,41,41,33,33,41,684,1,1,30,2,2,2,13,1,1,1,1,33,33,33,50,50,33,1,1,1,2,13,2,2,30,1,13,801,802,1,1,31,31,1,2,30,420,
424,1,1,13,1,1,58,33,33,41,33,41,700,31,31,30,2,1,1,13,1,1,1,1,33,50,1,1,1,1,1,31,1,2,13,2,30,30,30,1,13,1,1,2,2,31,31,2,30,424,
424,30,30,30,1,1,1,1,1,1,1,31,31,1,1,2,1,1,2,13,1,1,1,1,33,33,1,1,1,1,785,786,2,2,1,31,31,13,13,13,1,1,1,2,1,31,31,31,30,418,
420,30,30,428,428,428,428,428,428,428,428,428,428,428,1,2,1,1,13,13,31,1,1,1,33,50,1,1,1,2,801,802,31,31,31,31,13,13,30,31,31,31,2,30,31,31,2,31,30,420,
420,1,1,428,428,428,428,428,428,428,428,428,428,428,1,2,30,2,2,2,31,1,1,1,33,49,1,1,1,2,2,2,1,1,13,30,1,1,1,1,30,31,31,31,31,31,2,31,30,424,
420,31,13,428,428,346,347,348,321,322,323,324,325,428,13,13,30,2,1,2,31,1,1,1,50,33,1,1,1,2,1,1,1,13,13,1,1,1,1,785,786,1,1,1,1,2,2,1,1,418,
420,1,13,428,428,362,363,364,337,338,339,340,341,428,13,31,31,31,31,2,1,1,1,1,49,33,1,1,1,1,1,1,2,2,30,30,2,2,2,801,802,2,2,30,30,30,785,786,1,424,
422,2,2,428,428,378,379,323,353,354,355,356,357,428,1,31,31,1,1,2,1,1,1,1,50,50,1,664,1,1,1,1,1,1,1,30,30,1,1,1,30,30,30,30,1,1,801,802,632,420,
422,2,1,428,428,394,338,339,340,370,371,372,373,428,2,30,1,1,1,1,1,13,13,1,49,50,55,680,1,1,1,1,1,1,1,1,1,1,1,1,1,1,1,1,1,1,1,1,648,424,
420,2,1,428,428,353,354,355,356,357,387,388,389,428,2,2,1,1,1,1,1,1,13,664,35,50,50,49,33,33,33,33,33,33,33,49,33,33,49,49,49,49,49,49,49,49,50,33,49,33,
420,2,2,428,428,369,370,371,372,373,30,30,0,428,1,2,785,786,1,1,31,1,13,680,54,58,33,50,50,49,49,49,49,50,50,50,33,33,33,49,50,50,33,50,50,49,49,33,632,33,
422,13,2,428,428,385,386,387,388,389,1,596,596,428,1,1,801,802,31,31,31,1,13,13,1,1,1,1,1,1,1,1,1,1,1,1,1,1,1,1,1,1,1,1,1,1,785,786,648,418,
422,1,2,428,428,428,428,428,428,428,428,428,428,428,1,1,2,2,2,30,31,30,30,13,1,1,1,1,1,1,30,30,1,1,1,1,1,1,1,30,30,30,30,30,30,30,580,580,1,424,
420,1,1,428,428,428,428,428,428,428,428,428,428,428,1,1,1,1,2,2,31,31,2,30,13,30,30,30,30,30,785,785,786,2,2,31,31,2,2,2,31,31,1,1,2,2,596,596,1,424,
422,1,1,1,13,13,13,13,2,2,13,1,1,1,1,1,1,30,1,1,1,31,31,1,13,13,13,13,31,31,801,801,802,1,1,1,1,1,1,1,1,1,13,13,31,1,13,13,13,424,
422,428,31,1,31,31,1,1,1,2,2,2,1,1,2,2,30,30,1,1,2,2,2,30,30,30,30,30,30,30,30,13,13,13,13,30,31,31,31,13,13,13,13,1,1,1,1,13,13,424,
420,422,428,420,424,420,420,424,420,420,422,422,418,420,422,424,424,422,420,422,422,424,424,424,424,422,420,422,424,420,420,418,422,422,420,422,422,420,424,424,420,420,422,424,424,420,422,424,418,420
</data>
 </layer>
</map>
